7
14
64
67
69
92
101
104
308
353
380
383
413
420
423
424
426
432
436
452
463
470
488
517
849
911
1012
1754
1762
1770
1788
1866
1871
1874
1879
1892
1904
1905
1915
1921
1931
1949
1955
1959
1974
1977
1978
1991
2008
2023
2045
2069
2078
2080
2129
2152
2282
2294
2312
2333
2341
2369
2387
2399
2407
2509
2518
2543
2562
2565
2600
2625
2629
2650
2758
2840
2972
2973
2986
3020
3034
3035
3061
3265
3277
3340
3343
3408
3520
3575
3584
3605
3691
3696
3727
